1	255
1	256
1	272
1	462
1	464
2	487
2	488
2	490
2	512
2	613
3	163
3	165
3	193
3	318
3	328
4	191
4	192
4	366
4	376
4	558
5	295
5	296
5	298
5	320
5	420
6	203
6	204
6	228
6	245
6	280
7	391
7	392
7	402
7	510
7	520
8	535
8	536
8	538
8	569
8	602
9	417
9	418
9	440
9	448
9	472
10	343
10	344
10	346
10	368
10	394
11	243
11	244
11	270
11	588
11	603
12	175
12	176
12	218
12	220
12	559
13	166
13	167
13	172
13	174
13	199
13	210
14	179
14	180
14	185
14	188
14	565
14	574
15	170
15	171
15	182
15	187
15	356
15	361
16	195
16	196
16	200
16	202
16	308
16	313
17	207
17	208
17	213
17	215
17	221
17	227
18	231
18	232
18	237
18	240
18	251
18	262
19	224
19	225
19	234
19	239
19	582
19	587
20	247
20	248
20	252
20	254
20	273
20	279
21	259
21	260
21	265
21	267
21	626
21	631
22	283
22	284
22	289
22	292
22	299
22	305
23	276
23	277
23	286
23	291
23	445
23	454
24	302
24	303
24	310
24	315
24	321
24	327
25	331
25	332
25	337
25	340
25	347
25	353
26	324
26	325
26	334
26	339
26	421
26	427
27	350
27	351
27	358
27	363
27	369
27	375
28	379
28	380
28	385
28	388
28	548
28	553
29	372
29	373
29	382
29	387
29	395
29	401
30	405
30	406
30	411
30	414
30	500
30	505
31	398
31	399
31	408
31	413
31	430
31	435
32	424
32	425
32	432
32	437
32	442
32	447
33	451
33	452
33	457
33	459
33	465
33	471
34	475
34	476
34	481
34	484
34	491
34	497
35	468
35	469
35	478
35	483
35	634
35	639
36	494
36	495
36	502
36	507
36	513
36	519
37	523
37	524
37	529
37	532
37	539
37	545
38	516
38	517
38	526
38	531
38	616
38	621
39	542
39	543
39	550
39	555
39	572
39	577
40	561
40	562
40	566
40	568
40	585
40	594
41	591
41	592
41	597
41	599
41	609
41	618
42	605
42	606
42	610
42	612
42	629
42	636
43	163
43	164
43	166
43	168
43	194
43	198
44	167
44	168
44	169
44	170
44	181
44	183
45	164
45	165
45	169
45	171
45	354
45	355
46	172
46	173
46	175
46	177
46	214
46	217
47	176
47	177
47	178
47	179
47	560
47	564
48	173
48	174
48	178
48	180
48	183
48	184
49	181
49	182
49	184
49	185
49	186
49	189
50	188
50	189
50	190
50	191
50	578
50	580
51	186
51	187
51	190
51	192
51	364
51	365
52	193
52	194
52	195
52	197
52	316
52	317
53	196
53	197
53	198
53	199
53	209
53	211
54	200
54	201
54	203
54	205
54	306
54	307
55	204
55	205
55	206
55	207
55	226
55	229
56	201
56	202
56	206
56	208
56	211
56	212
57	209
57	210
57	212
57	213
57	214
57	216
58	215
58	216
58	217
58	218
58	219
58	222
59	221
59	222
59	223
59	224
59	233
59	235
60	219
60	220
60	223
60	225
60	581
60	583
61	228
61	229
61	230
61	231
61	246
61	250
62	226
62	227
62	230
62	232
62	235
62	236
63	233
63	234
63	236
63	237
63	238
63	241
64	240
64	241
64	242
64	243
64	266
64	269
65	238
65	239
65	242
65	244
65	586
65	589
66	245
66	246
66	247
66	249
66	278
66	281
67	248
67	249
67	250
67	251
67	261
67	263
68	252
68	253
68	255
68	257
68	271
68	274
69	256
69	257
69	258
69	259
69	630
69	632
70	253
70	254
70	258
70	260
70	263
70	264
71	261
71	262
71	264
71	265
71	266
71	268
72	267
72	268
72	269
72	270
72	625
72	627
73	273
73	274
73	275
73	276
73	285
73	287
74	271
74	272
74	275
74	277
74	458
74	461
75	280
75	281
75	282
75	283
75	304
75	306
76	278
76	279
76	282
76	284
76	287
76	288
77	285
77	286
77	288
77	289
77	290
77	293
78	292
78	293
78	294
78	295
78	297
78	300
79	290
79	291
79	294
79	296
79	441
79	444
80	299
80	300
80	301
80	302
80	309
80	311
81	297
81	298
81	301
81	303
81	319
81	322
82	304
82	305
82	307
82	308
82	311
82	312
83	309
83	310
83	312
83	313
83	314
83	316
84	314
84	315
84	317
84	318
84	326
84	329
85	321
85	322
85	323
85	324
85	333
85	335
86	319
86	320
86	323
86	325
86	419
86	422
87	328
87	329
87	330
87	331
87	352
87	354
88	326
88	327
88	330
88	332
88	335
88	336
89	333
89	334
89	336
89	337
89	338
89	341
90	340
90	341
90	342
90	343
90	345
90	348
91	338
91	339
91	342
91	344
91	426
91	428
92	347
92	348
92	349
92	350
92	357
92	359
93	345
93	346
93	349
93	351
93	367
93	370
94	352
94	353
94	355
94	356
94	359
94	360
95	357
95	358
95	360
95	361
95	362
95	364
96	362
96	363
96	365
96	366
96	374
96	377
97	369
97	370
97	371
97	372
97	381
97	383
98	367
98	368
98	371
98	373
98	393
98	396
99	376
99	377
99	378
99	379
99	556
99	557
100	374
100	375
100	378
100	380
100	383
100	384
101	381
101	382
101	384
101	385
101	386
101	389
102	388
102	389
102	390
102	391
102	546
102	547
103	386
103	387
103	390
103	392
103	400
103	403
104	395
104	396
104	397
104	398
104	407
104	409
105	393
105	394
105	397
105	399
105	428
105	429
106	402
106	403
106	404
106	405
106	508
106	509
107	400
107	401
107	404
107	406
107	409
107	410
108	407
108	408
108	410
108	411
108	412
108	415
109	414
109	415
109	416
109	417
109	498
109	499
110	412
110	413
110	416
110	418
110	438
110	439
111	421
111	422
111	423
111	424
111	431
111	433
112	419
112	420
112	423
112	425
112	441
112	443
113	426
113	427
113	429
113	430
113	433
113	434
114	431
114	432
114	434
114	435
114	436
114	438
115	436
115	437
115	439
115	440
115	446
115	449
116	442
116	443
116	444
116	445
116	453
116	455
117	448
117	449
117	450
117	451
117	470
117	473
118	446
118	447
118	450
118	452
118	455
118	456
119	453
119	454
119	456
119	457
119	458
119	460
120	459
120	460
120	461
120	462
120	463
120	466
121	465
121	466
121	467
121	468
121	477
121	479
122	463
122	464
122	467
122	469
122	632
122	633
123	472
123	473
123	474
123	475
123	496
123	498
124	470
124	471
124	474
124	476
124	479
124	480
125	477
125	478
125	480
125	481
125	482
125	485
126	484
126	485
126	486
126	487
126	489
126	492
127	482
127	483
127	486
127	488
127	641
127	642
128	491
128	492
128	493
128	494
128	501
128	503
129	489
129	490
129	493
129	495
129	511
129	514
130	496
130	497
130	499
130	500
130	503
130	504
131	501
131	502
131	504
131	505
131	506
131	508
132	506
132	507
132	509
132	510
132	518
132	521
133	513
133	514
133	515
133	516
133	525
133	527
134	511
134	512
134	515
134	517
134	614
134	615
135	520
135	521
135	522
135	523
135	544
135	546
136	518
136	519
136	522
136	524
136	527
136	528
137	525
137	526
137	528
137	529
137	530
137	533
138	532
138	533
138	534
138	535
138	537
138	540
139	530
139	531
139	534
139	536
139	623
139	624
140	539
140	540
140	541
140	542
140	549
140	551
141	537
141	538
141	541
141	543
141	570
141	571
142	544
142	545
142	547
142	548
142	551
142	552
143	549
143	550
143	552
143	553
143	554
143	556
144	554
144	555
144	557
144	558
144	579
144	580
145	559
145	560
145	561
145	563
145	581
145	584
146	562
146	563
146	564
146	565
146	573
146	575
147	566
147	567
147	569
147	570
147	598
147	601
148	567
148	568
148	571
148	572
148	575
148	576
149	573
149	574
149	576
149	577
149	578
149	579
150	582
150	583
150	584
150	585
150	593
150	595
151	588
151	589
151	590
151	591
151	604
151	608
152	586
152	587
152	590
152	592
152	595
152	596
153	593
153	594
153	596
153	597
153	598
153	600
154	599
154	600
154	601
154	602
154	622
154	624
155	603
155	604
155	605
155	607
155	625
155	628
156	606
156	607
156	608
156	609
156	617
156	619
157	610
157	611
157	613
157	614
157	640
157	642
158	611
158	612
158	615
158	616
158	619
158	620
159	617
159	618
159	620
159	621
159	622
159	623
160	626
160	627
160	628
160	629
160	635
160	637
161	630
161	631
161	633
161	634
161	637
161	638
162	635
162	636
162	638
162	639
162	640
162	641
163	164
163	165
163	193
163	194
164	165
164	168
164	169
165	328
165	354
166	167
166	168
166	198
166	199
167	168
167	174
167	183
168	169
169	170
169	171
170	171
170	181
170	182
171	355
171	356
172	173
172	174
172	210
172	214
173	174
173	177
173	178
174	183
175	176
175	177
175	217
175	218
176	177
176	559
176	560
177	178
178	179
178	180
179	180
179	564
179	565
180	184
180	185
181	182
181	183
181	184
182	186
182	187
183	184
184	185
185	188
185	189
186	187
186	189
186	190
187	361
187	364
188	189
188	574
188	578
189	190
190	191
190	192
191	192
191	558
191	580
192	365
192	366
193	194
193	317
193	318
194	197
194	198
195	196
195	197
195	313
195	316
196	197
196	202
196	211
197	198
198	199
199	209
199	210
200	201
200	202
200	307
200	308
201	202
201	205
201	206
202	211
203	204
203	205
203	280
203	306
204	205
204	228
204	229
205	206
206	207
206	208
207	208
207	226
207	227
208	212
208	213
209	210
209	211
209	212
210	214
211	212
212	213
213	215
213	216
214	216
214	217
215	216
215	221
215	222
216	217
217	218
218	219
218	220
219	220
219	222
219	223
220	559
220	581
221	222
221	227
221	235
222	223
223	224
223	225
224	225
224	233
224	234
225	582
225	583
226	227
226	229
226	230
227	235
228	229
228	245
228	246
229	230
230	231
230	232
231	232
231	250
231	251
232	236
232	237
233	234
233	235
233	236
234	238
234	239
235	236
236	237
237	240
237	241
238	239
238	241
238	242
239	586
239	587
240	241
240	262
240	266
241	242
242	243
242	244
243	244
243	269
243	270
244	588
244	589
245	246
245	280
245	281
246	249
246	250
247	248
247	249
247	278
247	279
248	249
248	254
248	263
249	250
250	251
251	261
251	262
252	253
252	254
252	273
252	274
253	254
253	257
253	258
254	263
255	256
255	257
255	271
255	272
256	257
256	464
256	632
257	258
258	259
258	260
259	260
259	630
259	631
260	264
260	265
261	262
261	263
261	264
262	266
263	264
264	265
265	267
265	268
266	268
266	269
267	268
267	626
267	627
268	269
269	270
270	603
270	625
271	272
271	274
271	275
272	461
272	462
273	274
273	279
273	287
274	275
275	276
275	277
276	277
276	285
276	286
277	454
277	458
278	279
278	281
278	282
279	287
280	281
280	306
281	282
282	283
282	284
283	284
283	304
283	305
284	288
284	289
285	286
285	287
285	288
286	290
286	291
287	288
288	289
289	292
289	293
290	291
290	293
290	294
291	444
291	445
292	293
292	299
292	300
293	294
294	295
294	296
295	296
295	297
295	298
296	420
296	441
297	298
297	300
297	301
298	319
298	320
299	300
299	305
299	311
300	301
301	302
301	303
302	303
302	309
302	310
303	321
303	322
304	305
304	306
304	307
305	311
306	307
307	308
308	312
308	313
309	310
309	311
309	312
310	314
310	315
311	312
312	313
313	316
314	315
314	316
314	317
315	326
315	327
316	317
317	318
318	328
318	329
319	320
319	322
319	323
320	419
320	420
321	322
321	327
321	335
322	323
323	324
323	325
324	325
324	333
324	334
325	421
325	422
326	327
326	329
326	330
327	335
328	329
328	354
329	330
330	331
330	332
331	332
331	352
331	353
332	336
332	337
333	334
333	335
333	336
334	338
334	339
335	336
336	337
337	340
337	341
338	339
338	341
338	342
339	426
339	427
340	341
340	347
340	348
341	342
342	343
342	344
343	344
343	345
343	346
344	394
344	428
345	346
345	348
345	349
346	367
346	368
347	348
347	353
347	359
348	349
349	350
349	351
350	351
350	357
350	358
351	369
351	370
352	353
352	354
352	355
353	359
354	355
355	356
356	360
356	361
357	358
357	359
357	360
358	362
358	363
359	360
360	361
361	364
362	363
362	364
362	365
363	374
363	375
364	365
365	366
366	376
366	377
367	368
367	370
367	371
368	393
368	394
369	370
369	375
369	383
370	371
371	372
371	373
372	373
372	381
372	382
373	395
373	396
374	375
374	377
374	378
375	383
376	377
376	557
376	558
377	378
378	379
378	380
379	380
379	553
379	556
380	384
380	385
381	382
381	383
381	384
382	386
382	387
383	384
384	385
385	388
385	389
386	387
386	389
386	390
387	400
387	401
388	389
388	547
388	548
389	390
390	391
390	392
391	392
391	520
391	546
392	402
392	403
393	394
393	396
393	397
394	428
395	396
395	401
395	409
396	397
397	398
397	399
398	399
398	407
398	408
399	429
399	430
400	401
400	403
400	404
401	409
402	403
402	509
402	510
403	404
404	405
404	406
405	406
405	505
405	508
406	410
406	411
407	408
407	409
407	410
408	412
408	413
409	410
410	411
411	414
411	415
412	413
412	415
412	416
413	435
413	438
414	415
414	499
414	500
415	416
416	417
416	418
417	418
417	472
417	498
418	439
418	440
419	420
419	422
419	423
420	441
421	422
421	427
421	433
422	423
423	424
423	425
424	425
424	431
424	432
425	442
425	443
426	427
426	428
426	429
427	433
428	429
429	430
430	434
430	435
431	432
431	433
431	434
432	436
432	437
433	434
434	435
435	438
436	437
436	438
436	439
437	446
437	447
438	439
439	440
440	448
440	449
441	443
441	444
442	443
442	447
442	455
443	444
444	445
445	453
445	454
446	447
446	449
446	450
447	455
448	449
448	472
448	473
449	450
450	451
450	452
451	452
451	470
451	471
452	456
452	457
453	454
453	455
453	456
454	458
455	456
456	457
457	459
457	460
458	460
458	461
459	460
459	465
459	466
460	461
461	462
462	463
462	464
463	464
463	466
463	467
464	632
465	466
465	471
465	479
466	467
467	468
467	469
468	469
468	477
468	478
469	633
469	634
470	471
470	473
470	474
471	479
472	473
472	498
473	474
474	475
474	476
475	476
475	496
475	497
476	480
476	481
477	478
477	479
477	480
478	482
478	483
479	480
480	481
481	484
481	485
482	483
482	485
482	486
483	639
483	641
484	485
484	491
484	492
485	486
486	487
486	488
487	488
487	489
487	490
488	613
488	642
489	490
489	492
489	493
490	511
490	512
491	492
491	497
491	503
492	493
493	494
493	495
494	495
494	501
494	502
495	513
495	514
496	497
496	498
496	499
497	503
498	499
499	500
500	504
500	505
501	502
501	503
501	504
502	506
502	507
503	504
504	505
505	508
506	507
506	508
506	509
507	518
507	519
508	509
509	510
510	520
510	521
511	512
511	514
511	515
512	613
512	614
513	514
513	519
513	527
514	515
515	516
515	517
516	517
516	525
516	526
517	615
517	616
518	519
518	521
518	522
519	527
520	521
520	546
521	522
522	523
522	524
523	524
523	544
523	545
524	528
524	529
525	526
525	527
525	528
526	530
526	531
527	528
528	529
529	532
529	533
530	531
530	533
530	534
531	621
531	623
532	533
532	539
532	540
533	534
534	535
534	536
535	536
535	537
535	538
536	602
536	624
537	538
537	540
537	541
538	569
538	570
539	540
539	545
539	551
540	541
541	542
541	543
542	543
542	549
542	550
543	571
543	572
544	545
544	546
544	547
545	551
546	547
547	548
548	552
548	553
549	550
549	551
549	552
550	554
550	555
551	552
552	553
553	556
554	555
554	556
554	557
555	577
555	579
556	557
557	558
558	580
559	560
559	581
560	563
560	564
561	562
561	563
561	584
561	585
562	563
562	568
562	575
563	564
564	565
565	573
565	574
566	567
566	568
566	594
566	598
567	568
567	570
567	571
568	575
569	570
569	601
569	602
570	571
571	572
572	576
572	577
573	574
573	575
573	576
574	578
575	576
576	577
577	579
578	579
578	580
579	580
581	583
581	584
582	583
582	587
582	595
583	584
584	585
585	593
585	594
586	587
586	589
586	590
587	595
588	589
588	603
588	604
589	590
590	591
590	592
591	592
591	608
591	609
592	596
592	597
593	594
593	595
593	596
594	598
595	596
596	597
597	599
597	600
598	600
598	601
599	600
599	618
599	622
600	601
601	602
602	624
603	604
603	625
604	607
604	608
605	606
605	607
605	628
605	629
606	607
606	612
606	619
607	608
608	609
609	617
609	618
610	611
610	612
610	636
610	640
611	612
611	614
611	615
612	619
613	614
613	642
614	615
615	616
616	620
616	621
617	618
617	619
617	620
618	622
619	620
620	621
621	623
622	623
622	624
623	624
625	627
625	628
626	627
626	631
626	637
627	628
628	629
629	635
629	636
630	631
630	632
630	633
631	637
632	633
633	634
634	638
634	639
635	636
635	637
635	638
636	640
637	638
638	639
639	641
640	641
640	642
641	642
643	897
643	898
643	914
643	1104
643	1106
644	1129
644	1130
644	1132
644	1154
644	1255
645	805
645	807
645	835
645	960
645	970
646	833
646	834
646	1008
646	1018
646	1200
647	937
647	938
647	940
647	962
647	1062
648	845
648	846
648	870
648	887
648	922
649	1033
649	1034
649	1044
649	1152
649	1162
650	1177
650	1178
650	1180
650	1211
650	1244
651	1059
651	1060
651	1082
651	1090
651	1114
652	985
652	986
652	988
652	1010
652	1036
653	885
653	886
653	912
653	1230
653	1245
654	817
654	818
654	860
654	862
654	1201
655	808
655	809
655	814
655	816
655	841
655	852
656	821
656	822
656	827
656	830
656	1207
656	1216
657	812
657	813
657	824
657	829
657	998
657	1003
658	837
658	838
658	842
658	844
658	950
658	955
659	849
659	850
659	855
659	857
659	863
659	869
660	873
660	874
660	879
660	882
660	893
660	904
661	866
661	867
661	876
661	881
661	1224
661	1229
662	889
662	890
662	894
662	896
662	915
662	921
663	901
663	902
663	907
663	909
663	1268
663	1273
664	925
664	926
664	931
664	934
664	941
664	947
665	918
665	919
665	928
665	933
665	1087
665	1096
666	944
666	945
666	952
666	957
666	963
666	969
667	973
667	974
667	979
667	982
667	989
667	995
668	966
668	967
668	976
668	981
668	1063
668	1069
669	992
669	993
669	1000
669	1005
669	1011
669	1017
670	1021
670	1022
670	1027
670	1030
670	1190
670	1195
671	1014
671	1015
671	1024
671	1029
671	1037
671	1043
672	1047
672	1048
672	1053
672	1056
672	1142
672	1147
673	1040
673	1041
673	1050
673	1055
673	1072
673	1077
674	1066
674	1067
674	1074
674	1079
674	1084
674	1089
675	1093
675	1094
675	1099
675	1101
675	1107
675	1113
676	1117
676	1118
676	1123
676	1126
676	1133
676	1139
677	1110
677	1111
677	1120
677	1125
677	1276
677	1281
678	1136
678	1137
678	1144
678	1149
678	1155
678	1161
679	1165
679	1166
679	1171
679	1174
679	1181
679	1187
680	1158
680	1159
680	1168
680	1173
680	1258
680	1263
681	1184
681	1185
681	1192
681	1197
681	1214
681	1219
682	1203
682	1204
682	1208
682	1210
682	1227
682	1236
683	1233
683	1234
683	1239
683	1241
683	1251
683	1260
684	1247
684	1248
684	1252
684	1254
684	1271
684	1278
685	805
685	806
685	808
685	810
685	836
685	840
686	809
686	810
686	811
686	812
686	823
686	825
687	806
687	807
687	811
687	813
687	996
687	997
688	814
688	815
688	817
688	819
688	856
688	859
689	818
689	819
689	820
689	821
689	1202
689	1206
690	815
690	816
690	820
690	822
690	825
690	826
691	823
691	824
691	826
691	827
691	828
691	831
692	830
692	831
692	832
692	833
692	1220
692	1222
693	828
693	829
693	832
693	834
693	1006
693	1007
694	835
694	836
694	837
694	839
694	958
694	959
695	838
695	839
695	840
695	841
695	851
695	853
696	842
696	843
696	845
696	847
696	948
696	949
697	846
697	847
697	848
697	849
697	868
697	871
698	843
698	844
698	848
698	850
698	853
698	854
699	851
699	852
699	854
699	855
699	856
699	858
700	857
700	858
700	859
700	860
700	861
700	864
701	863
701	864
701	865
701	866
701	875
701	877
702	861
702	862
702	865
702	867
702	1223
702	1225
703	870
703	871
703	872
703	873
703	888
703	892
704	868
704	869
704	872
704	874
704	877
704	878
705	875
705	876
705	878
705	879
705	880
705	883
706	882
706	883
706	884
706	885
706	908
706	911
707	880
707	881
707	884
707	886
707	1228
707	1231
708	887
708	888
708	889
708	891
708	920
708	923
709	890
709	891
709	892
709	893
709	903
709	905
710	894
710	895
710	897
710	899
710	913
710	916
711	898
711	899
711	900
711	901
711	1272
711	1274
712	895
712	896
712	900
712	902
712	905
712	906
713	903
713	904
713	906
713	907
713	908
713	910
714	909
714	910
714	911
714	912
714	1267
714	1269
715	915
715	916
715	917
715	918
715	927
715	929
716	913
716	914
716	917
716	919
716	1100
716	1103
717	922
717	923
717	924
717	925
717	946
717	948
718	920
718	921
718	924
718	926
718	929
718	930
719	927
719	928
719	930
719	931
719	932
719	935
720	934
720	935
720	936
720	937
720	939
720	942
721	932
721	933
721	936
721	938
721	1083
721	1086
722	941
722	942
722	943
722	944
722	951
722	953
723	939
723	940
723	943
723	945
723	961
723	964
724	946
724	947
724	949
724	950
724	953
724	954
725	951
725	952
725	954
725	955
725	956
725	958
726	956
726	957
726	959
726	960
726	968
726	971
727	963
727	964
727	965
727	966
727	975
727	977
728	961
728	962
728	965
728	967
728	1061
728	1064
729	970
729	971
729	972
729	973
729	994
729	996
730	968
730	969
730	972
730	974
730	977
730	978
731	975
731	976
731	978
731	979
731	980
731	983
732	982
732	983
732	984
732	985
732	987
732	990
733	980
733	981
733	984
733	986
733	1068
733	1070
734	989
734	990
734	991
734	992
734	999
734	1001
735	987
735	988
735	991
735	993
735	1009
735	1012
736	994
736	995
736	997
736	998
736	1001
736	1002
737	999
737	1000
737	1002
737	1003
737	1004
737	1006
738	1004
738	1005
738	1007
738	1008
738	1016
738	1019
739	1011
739	1012
739	1013
739	1014
739	1023
739	1025
740	1009
740	1010
740	1013
740	1015
740	1035
740	1038
741	1018
741	1019
741	1020
741	1021
741	1198
741	1199
742	1016
742	1017
742	1020
742	1022
742	1025
742	1026
743	1023
743	1024
743	1026
743	1027
743	1028
743	1031
744	1030
744	1031
744	1032
744	1033
744	1188
744	1189
745	1028
745	1029
745	1032
745	1034
745	1042
745	1045
746	1037
746	1038
746	1039
746	1040
746	1049
746	1051
747	1035
747	1036
747	1039
747	1041
747	1070
747	1071
748	1044
748	1045
748	1046
748	1047
748	1150
748	1151
749	1042
749	1043
749	1046
749	1048
749	1051
749	1052
750	1049
750	1050
750	1052
750	1053
750	1054
750	1057
751	1056
751	1057
751	1058
751	1059
751	1140
751	1141
752	1054
752	1055
752	1058
752	1060
752	1080
752	1081
753	1063
753	1064
753	1065
753	1066
753	1073
753	1075
754	1061
754	1062
754	1065
754	1067
754	1083
754	1085
755	1068
755	1069
755	1071
755	1072
755	1075
755	1076
756	1073
756	1074
756	1076
756	1077
756	1078
756	1080
757	1078
757	1079
757	1081
757	1082
757	1088
757	1091
758	1084
758	1085
758	1086
758	1087
758	1095
758	1097
759	1090
759	1091
759	1092
759	1093
759	1112
759	1115
760	1088
760	1089
760	1092
760	1094
760	1097
760	1098
761	1095
761	1096
761	1098
761	1099
761	1100
761	1102
762	1101
762	1102
762	1103
762	1104
762	1105
762	1108
763	1107
763	1108
763	1109
763	1110
763	1119
763	1121
764	1105
764	1106
764	1109
764	1111
764	1274
764	1275
765	1114
765	1115
765	1116
765	1117
765	1138
765	1140
766	1112
766	1113
766	1116
766	1118
766	1121
766	1122
767	1119
767	1120
767	1122
767	1123
767	1124
767	1127
768	1126
768	1127
768	1128
768	1129
768	1131
768	1134
769	1124
769	1125
769	1128
769	1130
769	1283
769	1284
770	1133
770	1134
770	1135
770	1136
770	1143
770	1145
771	1131
771	1132
771	1135
771	1137
771	1153
771	1156
772	1138
772	1139
772	1141
772	1142
772	1145
772	1146
773	1143
773	1144
773	1146
773	1147
773	1148
773	1150
774	1148
774	1149
774	1151
774	1152
774	1160
774	1163
775	1155
775	1156
775	1157
775	1158
775	1167
775	1169
776	1153
776	1154
776	1157
776	1159
776	1256
776	1257
777	1162
777	1163
777	1164
777	1165
777	1186
777	1188
778	1160
778	1161
778	1164
778	1166
778	1169
778	1170
779	1167
779	1168
779	1170
779	1171
779	1172
779	1175
780	1174
780	1175
780	1176
780	1177
780	1179
780	1182
781	1172
781	1173
781	1176
781	1178
781	1265
781	1266
782	1181
782	1182
782	1183
782	1184
782	1191
782	1193
783	1179
783	1180
783	1183
783	1185
783	1212
783	1213
784	1186
784	1187
784	1189
784	1190
784	1193
784	1194
785	1191
785	1192
785	1194
785	1195
785	1196
785	1198
786	1196
786	1197
786	1199
786	1200
786	1221
786	1222
787	1201
787	1202
787	1203
787	1205
787	1223
787	1226
788	1204
788	1205
788	1206
788	1207
788	1215
788	1217
789	1208
789	1209
789	1211
789	1212
789	1240
789	1243
790	1209
790	1210
790	1213
790	1214
790	1217
790	1218
791	1215
791	1216
791	1218
791	1219
791	1220
791	1221
792	1224
792	1225
792	1226
792	1227
792	1235
792	1237
793	1230
793	1231
793	1232
793	1233
793	1246
793	1250
794	1228
794	1229
794	1232
794	1234
794	1237
794	1238
795	1235
795	1236
795	1238
795	1239
795	1240
795	1242
796	1241
796	1242
796	1243
796	1244
796	1264
796	1266
797	1245
797	1246
797	1247
797	1249
797	1267
797	1270
798	1248
798	1249
798	1250
798	1251
798	1259
798	1261
799	1252
799	1253
799	1255
799	1256
799	1282
799	1284
800	1253
800	1254
800	1257
800	1258
800	1261
800	1262
801	1259
801	1260
801	1262
801	1263
801	1264
801	1265
802	1268
802	1269
802	1270
802	1271
802	1277
802	1279
803	1272
803	1273
803	1275
803	1276
803	1279
803	1280
804	1277
804	1278
804	1280
804	1281
804	1282
804	1283
805	806
805	807
805	835
805	836
806	807
806	810
806	811
807	970
807	996
808	809
808	810
808	840
808	841
809	810
809	816
809	825
810	811
811	812
811	813
812	813
812	823
812	824
813	997
813	998
814	815
814	816
814	852
814	856
815	816
815	819
815	820
816	825
817	818
817	819
817	859
817	860
818	819
818	1201
818	1202
819	820
820	821
820	822
821	822
821	1206
821	1207
822	826
822	827
823	824
823	825
823	826
824	828
824	829
825	826
826	827
827	830
827	831
828	829
828	831
828	832
829	1003
829	1006
830	831
830	1216
830	1220
831	832
832	833
832	834
833	834
833	1200
833	1222
834	1007
834	1008
835	836
835	959
835	960
836	839
836	840
837	838
837	839
837	955
837	958
838	839
838	844
838	853
839	840
840	841
841	851
841	852
842	843
842	844
842	949
842	950
843	844
843	847
843	848
844	853
845	846
845	847
845	922
845	948
846	847
846	870
846	871
847	848
848	849
848	850
849	850
849	868
849	869
850	854
850	855
851	852
851	853
851	854
852	856
853	854
854	855
855	857
855	858
856	858
856	859
857	858
857	863
857	864
858	859
859	860
860	861
860	862
861	862
861	864
861	865
862	1201
862	1223
863	864
863	869
863	877
864	865
865	866
865	867
866	867
866	875
866	876
867	1224
867	1225
868	869
868	871
868	872
869	877
870	871
870	887
870	888
871	872
872	873
872	874
873	874
873	892
873	893
874	878
874	879
875	876
875	877
875	878
876	880
876	881
877	878
878	879
879	882
879	883
880	881
880	883
880	884
881	1228
881	1229
882	883
882	904
882	908
883	884
884	885
884	886
885	886
885	911
885	912
886	1230
886	1231
887	888
887	922
887	923
888	891
888	892
889	890
889	891
889	920
889	921
890	891
890	896
890	905
891	892
892	893
893	903
893	904
894	895
894	896
894	915
894	916
895	896
895	899
895	900
896	905
897	898
897	899
897	913
897	914
898	899
898	1106
898	1274
899	900
900	901
900	902
901	902
901	1272
901	1273
902	906
902	907
903	904
903	905
903	906
904	908
905	906
906	907
907	909
907	910
908	910
908	911
909	910
909	1268
909	1269
910	911
911	912
912	1245
912	1267
913	914
913	916
913	917
914	1103
914	1104
915	916
915	921
915	929
916	917
917	918
917	919
918	919
918	927
918	928
919	1096
919	1100
920	921
920	923
920	924
921	929
922	923
922	948
923	924
924	925
924	926
925	926
925	946
925	947
926	930
926	931
927	928
927	929
927	930
928	932
928	933
929	930
930	931
931	934
931	935
932	933
932	935
932	936
933	1086
933	1087
934	935
934	941
934	942
935	936
936	937
936	938
937	938
937	939
937	940
938	1062
938	1083
939	940
939	942
939	943
940	961
940	962
941	942
941	947
941	953
942	943
943	944
943	945
944	945
944	951
944	952
945	963
945	964
946	947
946	948
946	949
947	953
948	949
949	950
950	954
950	955
951	952
951	953
951	954
952	956
952	957
953	954
954	955
955	958
956	957
956	958
956	959
957	968
957	969
958	959
959	960
960	970
960	971
961	962
961	964
961	965
962	1061
962	1062
963	964
963	969
963	977
964	965
965	966
965	967
966	967
966	975
966	976
967	1063
967	1064
968	969
968	971
968	972
969	977
970	971
970	996
971	972
972	973
972	974
973	974
973	994
973	995
974	978
974	979
975	976
975	977
975	978
976	980
976	981
977	978
978	979
979	982
979	983
980	981
980	983
980	984
981	1068
981	1069
982	983
982	989
982	990
983	984
984	985
984	986
985	986
985	987
985	988
986	1036
986	1070
987	988
987	990
987	991
988	1009
988	1010
989	990
989	995
989	1001
990	991
991	992
991	993
992	993
992	999
992	1000
993	1011
993	1012
994	995
994	996
994	997
995	1001
996	997
997	998
998	1002
998	1003
999	1000
999	1001
999	1002
1000	1004
1000	1005
1001	1002
1002	1003
1003	1006
1004	1005
1004	1006
1004	1007
1005	1016
1005	1017
1006	1007
1007	1008
1008	1018
1008	1019
1009	1010
1009	1012
1009	1013
1010	1035
1010	1036
1011	1012
1011	1017
1011	1025
1012	1013
1013	1014
1013	1015
1014	1015
1014	1023
1014	1024
1015	1037
1015	1038
1016	1017
1016	1019
1016	1020
1017	1025
1018	1019
1018	1199
1018	1200
1019	1020
1020	1021
1020	1022
1021	1022
1021	1195
1021	1198
1022	1026
1022	1027
1023	1024
1023	1025
1023	1026
1024	1028
1024	1029
1025	1026
1026	1027
1027	1030
1027	1031
1028	1029
1028	1031
1028	1032
1029	1042
1029	1043
1030	1031
1030	1189
1030	1190
1031	1032
1032	1033
1032	1034
1033	1034
1033	1162
1033	1188
1034	1044
1034	1045
1035	1036
1035	1038
1035	1039
1036	1070
1037	1038
1037	1043
1037	1051
1038	1039
1039	1040
1039	1041
1040	1041
1040	1049
1040	1050
1041	1071
1041	1072
1042	1043
1042	1045
1042	1046
1043	1051
1044	1045
1044	1151
1044	1152
1045	1046
1046	1047
1046	1048
1047	1048
1047	1147
1047	1150
1048	1052
1048	1053
1049	1050
1049	1051
1049	1052
1050	1054
1050	1055
1051	1052
1052	1053
1053	1056
1053	1057
1054	1055
1054	1057
1054	1058
1055	1077
1055	1080
1056	1057
1056	1141
1056	1142
1057	1058
1058	1059
1058	1060
1059	1060
1059	1114
1059	1140
1060	1081
1060	1082
1061	1062
1061	1064
1061	1065
1062	1083
1063	1064
1063	1069
1063	1075
1064	1065
1065	1066
1065	1067
1066	1067
1066	1073
1066	1074
1067	1084
1067	1085
1068	1069
1068	1070
1068	1071
1069	1075
1070	1071
1071	1072
1072	1076
1072	1077
1073	1074
1073	1075
1073	1076
1074	1078
1074	1079
1075	1076
1076	1077
1077	1080
1078	1079
1078	1080
1078	1081
1079	1088
1079	1089
1080	1081
1081	1082
1082	1090
1082	1091
1083	1085
1083	1086
1084	1085
1084	1089
1084	1097
1085	1086
1086	1087
1087	1095
1087	1096
1088	1089
1088	1091
1088	1092
1089	1097
1090	1091
1090	1114
1090	1115
1091	1092
1092	1093
1092	1094
1093	1094
1093	1112
1093	1113
1094	1098
1094	1099
1095	1096
1095	1097
1095	1098
1096	1100
1097	1098
1098	1099
1099	1101
1099	1102
1100	1102
1100	1103
1101	1102
1101	1107
1101	1108
1102	1103
1103	1104
1104	1105
1104	1106
1105	1106
1105	1108
1105	1109
1106	1274
1107	1108
1107	1113
1107	1121
1108	1109
1109	1110
1109	1111
1110	1111
1110	1119
1110	1120
1111	1275
1111	1276
1112	1113
1112	1115
1112	1116
1113	1121
1114	1115
1114	1140
1115	1116
1116	1117
1116	1118
1117	1118
1117	1138
1117	1139
1118	1122
1118	1123
1119	1120
1119	1121
1119	1122
1120	1124
1120	1125
1121	1122
1122	1123
1123	1126
1123	1127
1124	1125
1124	1127
1124	1128
1125	1281
1125	1283
1126	1127
1126	1133
1126	1134
1127	1128
1128	1129
1128	1130
1129	1130
1129	1131
1129	1132
1130	1255
1130	1284
1131	1132
1131	1134
1131	1135
1132	1153
1132	1154
1133	1134
1133	1139
1133	1145
1134	1135
1135	1136
1135	1137
1136	1137
1136	1143
1136	1144
1137	1155
1137	1156
1138	1139
1138	1140
1138	1141
1139	1145
1140	1141
1141	1142
1142	1146
1142	1147
1143	1144
1143	1145
1143	1146
1144	1148
1144	1149
1145	1146
1146	1147
1147	1150
1148	1149
1148	1150
1148	1151
1149	1160
1149	1161
1150	1151
1151	1152
1152	1162
1152	1163
1153	1154
1153	1156
1153	1157
1154	1255
1154	1256
1155	1156
1155	1161
1155	1169
1156	1157
1157	1158
1157	1159
1158	1159
1158	1167
1158	1168
1159	1257
1159	1258
1160	1161
1160	1163
1160	1164
1161	1169
1162	1163
1162	1188
1163	1164
1164	1165
1164	1166
1165	1166
1165	1186
1165	1187
1166	1170
1166	1171
1167	1168
1167	1169
1167	1170
1168	1172
1168	1173
1169	1170
1170	1171
1171	1174
1171	1175
1172	1173
1172	1175
1172	1176
1173	1263
1173	1265
1174	1175
1174	1181
1174	1182
1175	1176
1176	1177
1176	1178
1177	1178
1177	1179
1177	1180
1178	1244
1178	1266
1179	1180
1179	1182
1179	1183
1180	1211
1180	1212
1181	1182
1181	1187
1181	1193
1182	1183
1183	1184
1183	1185
1184	1185
1184	1191
1184	1192
1185	1213
1185	1214
1186	1187
1186	1188
1186	1189
1187	1193
1188	1189
1189	1190
1190	1194
1190	1195
1191	1192
1191	1193
1191	1194
1192	1196
1192	1197
1193	1194
1194	1195
1195	1198
1196	1197
1196	1198
1196	1199
1197	1219
1197	1221
1198	1199
1199	1200
1200	1222
1201	1202
1201	1223
1202	1205
1202	1206
1203	1204
1203	1205
1203	1226
1203	1227
1204	1205
1204	1210
1204	1217
1205	1206
1206	1207
1207	1215
1207	1216
1208	1209
1208	1210
1208	1236
1208	1240
1209	1210
1209	1212
1209	1213
1210	1217
1211	1212
1211	1243
1211	1244
1212	1213
1213	1214
1214	1218
1214	1219
1215	1216
1215	1217
1215	1218
1216	1220
1217	1218
1218	1219
1219	1221
1220	1221
1220	1222
1221	1222
1223	1225
1223	1226
1224	1225
1224	1229
1224	1237
1225	1226
1226	1227
1227	1235
1227	1236
1228	1229
1228	1231
1228	1232
1229	1237
1230	1231
1230	1245
1230	1246
1231	1232
1232	1233
1232	1234
1233	1234
1233	1250
1233	1251
1234	1238
1234	1239
1235	1236
1235	1237
1235	1238
1236	1240
1237	1238
1238	1239
1239	1241
1239	1242
1240	1242
1240	1243
1241	1242
1241	1260
1241	1264
1242	1243
1243	1244
1244	1266
1245	1246
1245	1267
1246	1249
1246	1250
1247	1248
1247	1249
1247	1270
1247	1271
1248	1249
1248	1254
1248	1261
1249	1250
1250	1251
1251	1259
1251	1260
1252	1253
1252	1254
1252	1278
1252	1282
1253	1254
1253	1256
1253	1257
1254	1261
1255	1256
1255	1284
1256	1257
1257	1258
1258	1262
1258	1263
1259	1260
1259	1261
1259	1262
1260	1264
1261	1262
1262	1263
1263	1265
1264	1265
1264	1266
1265	1266
1267	1269
1267	1270
1268	1269
1268	1273
1268	1279
1269	1270
1270	1271
1271	1277
1271	1278
1272	1273
1272	1274
1272	1275
1273	1279
1274	1275
1275	1276
1276	1280
1276	1281
1277	1278
1277	1279
1277	1280
1278	1282
1279	1280
1280	1281
1281	1283
1282	1283
1282	1284
1283	1284
